   1.0000000e+00
   1.3179942e+00
   1.4447777e+00
   1.3617410e+00
   1.0816389e+00
   6.4431578e-01
   1.1374965e-01
  -4.3322302e-01
  -9.1760589e-01
  -1.2685145e+00
  -1.4359813e+00
  -1.3946486e+00
  -1.1514617e+00
  -7.4112056e-01
  -2.2332568e-01
   3.2670405e-01
   8.2958637e-01
   1.2118476e+00
   1.4187432e+00
   1.4195625e+00
   1.2146420e+00
   8.3362718e-01
   3.3162609e-01
  -2.1829147e-01
  -7.3670660e-01
  -1.1481451e+00
  -1.3931993e+00
  -1.4362032e+00
  -1.2707436e+00
  -9.2125358e-01
  -4.3800029e-01
   1.0863345e-01
   6.3953700e-01
   1.0777561e+00
   1.3595313e+00
   1.4444407e+00
   1.3194392e+00
   1.0034761e+00
   5.4180835e-01
   1.6345282e-03
  -5.3867875e-01
  -1.0010775e+00
  -1.3179705e+00
  -1.4442151e+00
  -1.3604471e+00
  -1.0798143e+00
  -6.4241583e-01
  -1.1187768e-01
   4.3474242e-01
   9.1854730e-01
   1.2687948e+00
   1.4355246e+00
   1.3935682e+00
   1.1498277e+00
   7.3926226e-01
   2.2146165e-01
  -3.2828741e-01
  -8.3064337e-01
  -1.2122673e+00
  -1.4184249e+00
  -1.4185972e+00
  -1.2131159e+00
  -8.3180145e-01
  -3.2975274e-01
   2.1994383e-01
   7.3788378e-01
   1.1486977e+00
   1.3930292e+00
   1.4353541e+00
   1.2693188e+00
   9.1947035e-01
   4.3611800e-01
  -1.1034707e-01
  -6.4082677e-01
  -1.0784413e+00
  -1.3595090e+00
  -1.4437180e+00
  -1.3181168e+00
  -1.0017467e+00
  -5.3994327e-01
   5.8054800e-06
