   1.4535679e-03
   2.0822993e-03
   2.9669143e-03
   4.1930158e-03
   5.8694666e-03
   8.1333478e-03
   1.1152807e-02
   1.5129026e-02
   2.0303126e-02
   2.6951034e-02
   3.5380339e-02
   4.5935556e-02
   5.8980298e-02
   7.4877335e-02
   9.3976670e-02
   1.1661219e-01
   1.4303614e-01
   1.7339151e-01
   2.0770286e-01
   2.4582633e-01
   2.8740113e-01
   3.3182147e-01
   3.7823577e-01
   4.2555800e-01
   4.7248235e-01
   5.1727105e-01
   5.5809007e-01
   5.9307549e-01
   6.2033352e-01
   6.3798999e-01
   6.4438081e-01
   6.3784858e-01
   6.1726040e-01
   5.8207717e-01
   5.3235352e-01
   4.6870727e-01
   3.9225199e-01
   3.0471074e-01
   2.0828838e-01
   1.0565999e-01
   7.4684536e-05
   1.0583252e-01
   2.0838349e-01
   3.0475004e-01
   3.9230367e-01
   4.6877923e-01
   5.3243763e-01
   5.8207916e-01
   6.1712587e-01
   6.3764237e-01
   6.4425331e-01
   6.3804531e-01
   6.2048712e-01
   5.9323839e-01
   5.5814726e-01
   5.1724850e-01
   4.7255254e-01
   4.2577685e-01
   3.7846003e-01
   3.3196088e-01
   2.8745839e-01
   2.4589564e-01
   2.0779124e-01
   1.7346217e-01
   1.4307395e-01
   1.1663900e-01
   9.3989866e-02
   7.4874641e-02
   5.8989962e-02
   4.5953788e-02
   3.5367946e-02
   2.6930834e-02
   2.0314973e-02
   1.5149287e-02
   1.1158983e-02
   8.1425682e-03
   5.8815053e-03
   4.1989576e-03
   2.9733744e-03
   2.0874902e-03
   1.4572911e-03
