   5.6634987e-03
   7.8819890e-03
   1.0908870e-02
   1.4969824e-02
   2.0334610e-02
   2.7322730e-02
   3.6296606e-02
   4.7650897e-02
   6.1812398e-02
   7.9218167e-02
   1.0026972e-01
   1.2531602e-01
   1.5463134e-01
   1.8833369e-01
   2.2632112e-01
   2.6827769e-01
   3.1361101e-01
   3.6128064e-01
   4.0991734e-01
   4.5783933e-01
   5.0305226e-01
   5.4328165e-01
   5.7602198e-01
   5.9854210e-01
   6.0839921e-01
   6.0348659e-01
   5.8213800e-01
   5.4318729e-01
   4.8622070e-01
   4.1194765e-01
   3.2219934e-01
   2.1967106e-01
   1.0804237e-01
   8.2635594e-03
   1.2423654e-01
   2.3444901e-01
   3.3360339e-01
   4.1652126e-01
   4.7901090e-01
   5.1793888e-01
   5.3120927e-01
   5.1794047e-01
   4.7887653e-01
   4.1625175e-01
   3.3329198e-01
   2.3422642e-01
   1.2405866e-01
   8.1314368e-03
   1.0814257e-01
   2.1976155e-01
   3.2226207e-01
   4.1195731e-01
   4.8608938e-01
   5.4300662e-01
   5.8206067e-01
   6.0351774e-01
   6.0839758e-01
   5.9842852e-01
   5.7590395e-01
   5.4329008e-01
   5.0312203e-01
   4.5785192e-01
   4.0984687e-01
   3.6124526e-01
   3.1365071e-01
   2.6834425e-01
   2.2633337e-01
   1.8833670e-01
   1.5465128e-01
   1.2532824e-01
   1.0026929e-01
   7.9221745e-02
   6.1810941e-02
   4.7648421e-02
   3.6302675e-02
   2.7317937e-02
   2.0329263e-02
   1.4978131e-02
   1.0910219e-02
   7.8821431e-03
   5.6700439e-03
