   1.7445478e-02
   2.3522174e-02
   3.1534625e-02
   4.1898862e-02
   5.5065943e-02
   7.1513724e-02
   9.1721266e-02
   1.1610171e-01
   1.4497786e-01
   1.7854374e-01
   2.1675905e-01
   2.5927111e-01
   3.0544612e-01
   3.5430474e-01
   4.0410111e-01
   4.5274975e-01
   4.9788132e-01
   5.3684267e-01
   5.6669677e-01
   5.8442219e-01
   5.8700812e-01
   5.7194577e-01
   5.3759368e-01
   4.8323105e-01
   4.0913437e-01
   3.1689008e-01
   2.0965358e-01
   9.1990424e-02
   3.0484154e-02
   1.5114187e-01
   2.6308420e-01
   3.5934643e-01
   4.3346299e-01
   4.7999576e-01
   4.9550677e-01
   4.7842744e-01
   4.2913024e-01
   3.5061446e-01
   2.4811096e-01
   1.2846392e-01
   1.3743756e-04
   1.2877950e-01
   2.4840325e-01
   3.5080620e-01
   4.2921804e-01
   4.7843262e-01
   4.9545522e-01
   4.7987377e-01
   4.3324595e-01
   3.5908597e-01
   2.6282087e-01
   1.5087923e-01
   3.0215579e-02
   9.2191612e-02
   2.0980370e-01
   3.1689191e-01
   4.0903130e-01
   4.8317311e-01
   5.3758517e-01
   5.7184131e-01
   5.8679074e-01
   5.8422901e-01
   5.6665052e-01
   5.3682495e-01
   4.9770909e-01
   4.5242948e-01
   4.0381889e-01
   3.5417791e-01
   3.0546159e-01
   2.5927244e-01
   2.1678013e-01
   1.7858453e-01
   1.4499834e-01
   1.1609837e-01
   9.1711447e-02
   7.1501362e-02
   5.5066566e-02
   4.1901739e-02
   3.1516635e-02
   2.3514955e-02
   1.7460777e-02
