   4.5017550e-02
   5.8585975e-02
   7.5791387e-02
   9.7124657e-02
   1.2300281e-01
   1.5372907e-01
   1.8944612e-01
   2.2999487e-01
   2.7484487e-01
   3.2317206e-01
   3.7357426e-01
   4.2381766e-01
   4.7134992e-01
   5.1331789e-01
   5.4656764e-01
   5.6767253e-01
   5.7329054e-01
   5.6029238e-01
   5.2655159e-01
   4.7111025e-01
   3.9426490e-01
   2.9777552e-01
   1.8529201e-01
   6.2297034e-02
   6.4441466e-02
   1.8686995e-01
   2.9672061e-01
   3.8585722e-01
   4.4690136e-01
   4.7420808e-01
   4.6495782e-01
   4.1881688e-01
   3.3848604e-01
   2.3015289e-01
   1.0244830e-01
   3.4035650e-02
   1.6760863e-01
   2.8640067e-01
   3.7977086e-01
   4.3951149e-01
   4.5997410e-01
   4.3929763e-01
   3.7954789e-01
   2.8598222e-01
   1.6711030e-01
   3.3596981e-02
   1.0284274e-01
   2.3053998e-01
   3.3874438e-01
   4.1882988e-01
   4.6498646e-01
   4.7411241e-01
   4.4654917e-01
   3.8550719e-01
   2.9638428e-01
   1.8647705e-01
   6.4028208e-02
   6.2576416e-02
   1.8547462e-01
   2.9781894e-01
   3.9421532e-01
   4.7107904e-01
   5.2650029e-01
   5.6011457e-01
   5.7301705e-01
   5.6746004e-01
   5.4640709e-01
   5.1311188e-01
   4.7094487e-01
   4.2334617e-01
   3.7327329e-01
   3.2311354e-01
   2.7483535e-01
   2.2997464e-01
   1.8946245e-01
   1.5374250e-01
   1.2298940e-01
   9.7108130e-02
   7.5766220e-02
   5.8569538e-02
   4.5023236e-02
