   2.2214415e+00
   2.2214415e+00
   2.2213398e+00
   2.2211364e+00
   2.2208314e+00
   2.2204248e+00
   2.2199166e+00
   2.2193069e+00
   2.2185959e+00
   2.2177835e+00
   2.2168700e+00
   2.2158555e+00
   2.2147400e+00
   2.2135239e+00
   2.2122072e+00
   2.2107902e+00
   2.2092730e+00
   2.2076559e+00
   2.2059392e+00
   2.2041231e+00
   2.2022078e+00
   2.2001937e+00
   2.1980810e+00
   2.1958701e+00
   2.1935612e+00
   2.1911548e+00
   2.1886513e+00
   2.1860508e+00
   2.1833540e+00
   2.1805610e+00
   2.1776725e+00
   2.1746888e+00
   2.1716103e+00
   2.1684375e+00
   2.1651709e+00
   2.1618109e+00
   2.1583581e+00
   2.1548129e+00
   2.1511760e+00
   2.1474477e+00
   2.1436287e+00
   2.1397196e+00
   2.1357208e+00
   2.1316331e+00
   2.1274569e+00
   2.1231929e+00
   2.1188418e+00
   2.1144041e+00
   2.1098805e+00
   2.1052716e+00
   2.1005782e+00
   2.0958009e+00
   2.0909403e+00
   2.0859973e+00
   2.0809724e+00
   2.0758665e+00
   2.0706802e+00
   2.0654143e+00
   2.0600695e+00
   2.0546466e+00
   2.0491464e+00
   2.0435696e+00
   2.0379171e+00
   2.0321896e+00
   2.0263879e+00
   2.0205129e+00
   2.0145653e+00
   2.0085460e+00
   2.0024559e+00
   1.9962957e+00
   1.9900663e+00
   1.9837686e+00
   1.9774035e+00
   1.9709717e+00
   1.9644743e+00
   1.9579120e+00
   1.9512858e+00
   1.9445965e+00
   1.9378452e+00
   1.9310325e+00
   1.9241596e+00
   1.9172272e+00
   1.9102364e+00
   1.9031880e+00
   1.8960830e+00
   1.8889222e+00
   1.8817068e+00
   1.8744375e+00
   1.8671153e+00
   1.8597412e+00
   1.8523162e+00
   1.8448411e+00
   1.8373170e+00
   1.8297447e+00
   1.8221253e+00
   1.8144598e+00
   1.8067490e+00
   1.7989940e+00
   1.7911956e+00
   1.7833550e+00
   1.7754730e+00
   1.7675507e+00
   1.7595889e+00
   1.7515888e+00
   1.7435511e+00
   1.7354769e+00
   1.7273673e+00
   1.7192230e+00
   1.7110452e+00
   1.7028348e+00
   1.6945927e+00
   1.6863199e+00
   1.6780173e+00
   1.6696861e+00
   1.6613270e+00
   1.6529410e+00
   1.6445292e+00
   1.6360924e+00
   1.6276317e+00
   1.6191479e+00
   1.6106420e+00
   1.6021149e+00
   1.5935677e+00
   1.5850011e+00
   1.5764162e+00
   1.5678138e+00
   1.5591950e+00
   1.5505606e+00
   1.5419114e+00
   1.5332486e+00
   1.5245728e+00
   1.5158852e+00
   1.5071864e+00
   1.4984775e+00
   1.4897593e+00
   1.4810326e+00
   1.4722985e+00
   1.4635577e+00
   1.4548110e+00
   1.4460595e+00
   1.4373038e+00
   1.4285449e+00
   1.4197836e+00
   1.4110207e+00
   1.4022570e+00
   1.3934934e+00
   1.3847307e+00
   1.3759696e+00
   1.3672111e+00
   1.3584558e+00
   1.3497045e+00
   1.3409581e+00
   1.3322173e+00
   1.3234828e+00
   1.3147555e+00
   1.3060360e+00
   1.2973252e+00
   1.2886236e+00
   1.2799322e+00
   1.2712515e+00
   1.2625822e+00
   1.2539252e+00
   1.2452811e+00
   1.2366505e+00
   1.2280341e+00
   1.2194326e+00
   1.2108467e+00
   1.2022770e+00
   1.1937242e+00
   1.1851888e+00
   1.1766716e+00
   1.1681730e+00
   1.1596938e+00
   1.1512346e+00
   1.1427958e+00
   1.1343782e+00
   1.1259823e+00
   1.1176086e+00
   1.1092577e+00
   1.1009301e+00
   1.0926264e+00
   1.0843471e+00
   1.0760928e+00
   1.0678639e+00
   1.0596610e+00
   1.0514845e+00
   1.0433349e+00
   1.0352127e+00
   1.0271184e+00
   1.0190525e+00
   1.0110153e+00
   1.0030073e+00
   9.9502899e-01
   9.8708075e-01
   9.7916299e-01
   9.7127613e-01
   9.6342056e-01
   9.5559667e-01
   9.4780484e-01
   9.4004544e-01
   9.3231883e-01
   9.2462537e-01
   9.1696540e-01
   9.0933926e-01
   9.0174728e-01
   8.9418977e-01
   8.8666704e-01
   8.7917941e-01
   8.7172716e-01
   8.6431058e-01
   8.5692995e-01
   8.4958553e-01
   8.4227760e-01
   8.3500639e-01
   8.2777217e-01
   8.2057515e-01
   8.1341558e-01
   8.0629367e-01
   7.9920964e-01
   7.9216370e-01
   7.8515604e-01
   7.7818684e-01
   7.7125631e-01
   7.6436460e-01
   7.5751189e-01
   7.5069833e-01
   7.4392409e-01
   7.3718930e-01
   7.3049410e-01
   7.2383863e-01
   7.1722301e-01
   7.1064735e-01
   7.0411177e-01
   6.9761636e-01
   6.9116124e-01
   6.8474647e-01
   6.7837216e-01
   6.7203836e-01
   6.6574516e-01
   6.5949262e-01
   6.5328080e-01
   6.4710973e-01
   6.4097948e-01
   6.3489008e-01
   6.2884155e-01
   6.2283393e-01
   6.1686724e-01
   6.1094149e-01
   6.0505670e-01
   5.9921285e-01
   5.9340996e-01
   5.8764801e-01
   5.8192699e-01
   5.7624689e-01
   5.7060767e-01
   5.6500931e-01
   5.5945178e-01
   5.5393503e-01
   5.4845903e-01
   5.4302371e-01
   5.3762904e-01
   5.3227495e-01
   5.2696137e-01
   5.2168825e-01
   5.1645550e-01
   5.1126305e-01
   5.0611082e-01
   5.0099873e-01
   4.9592669e-01
   4.9089460e-01
   4.8590236e-01
   4.8094988e-01
   4.7603705e-01
   4.7116376e-01
   4.6632990e-01
   4.6153535e-01
   4.5678000e-01
   4.5206371e-01
   4.4738637e-01
   4.4274785e-01
   4.3814800e-01
   4.3358670e-01
   4.2906381e-01
   4.2457918e-01
   4.2013266e-01
   4.1572412e-01
   4.1135340e-01
   4.0702035e-01
   4.0272481e-01
   3.9846662e-01
   3.9424562e-01
   3.9006165e-01
   3.8591454e-01
   3.8180412e-01
   3.7773023e-01
   3.7369269e-01
   3.6969132e-01
   3.6572595e-01
   3.6179640e-01
   3.5790249e-01
   3.5404404e-01
   3.5022086e-01
   3.4643277e-01
   3.4267957e-01
   3.3896109e-01
   3.3527712e-01
   3.3162748e-01
   3.2801198e-01
   3.2443041e-01
   3.2088259e-01
   3.1736831e-01
   3.1388737e-01
   3.1043958e-01
   3.0702474e-01
   3.0364264e-01
   3.0029308e-01
   2.9697585e-01
   2.9369076e-01
   2.9043759e-01
   2.8721614e-01
   2.8402621e-01
   2.8086757e-01
   2.7774004e-01
   2.7464339e-01
   2.7157743e-01
   2.6854193e-01
   2.6553668e-01
   2.6256149e-01
   2.5961613e-01
   2.5670040e-01
   2.5381408e-01
   2.5095696e-01
   2.4812883e-01
   2.4532948e-01
   2.4255869e-01
   2.3981626e-01
   2.3710197e-01
   2.3441560e-01
   2.3175695e-01
   2.2912581e-01
   2.2652195e-01
   2.2394518e-01
   2.2139527e-01
   2.1887202e-01
   2.1637522e-01
   2.1390465e-01
   2.1146010e-01
   2.0904136e-01
   2.0664823e-01
   2.0428050e-01
   2.0193794e-01
   1.9962037e-01
   1.9732756e-01
   1.9505931e-01
   1.9281541e-01
   1.9059566e-01
   1.8839986e-01
   1.8622778e-01
   1.8407924e-01
   1.8195402e-01
   1.7985193e-01
   1.7777276e-01
   1.7571631e-01
   1.7368237e-01
   1.7167076e-01
   1.6968126e-01
   1.6771367e-01
   1.6576781e-01
   1.6384348e-01
   1.6194047e-01
   1.6005859e-01
   1.5819766e-01
   1.5635746e-01
   1.5453782e-01
   1.5273853e-01
   1.5095942e-01
   1.4920029e-01
   1.4746094e-01
   1.4574120e-01
   1.4404087e-01
   1.4235977e-01
   1.4069772e-01
   1.3905453e-01
   1.3743002e-01
   1.3582400e-01
   1.3423630e-01
   1.3266674e-01
   1.3111513e-01
   1.2958130e-01
   1.2806508e-01
   1.2656629e-01
   1.2508476e-01
   1.2362030e-01
   1.2217276e-01
   1.2074196e-01
   1.1932773e-01
   1.1792990e-01
   1.1654830e-01
   1.1518277e-01
   1.1383315e-01
   1.1249927e-01
   1.1118096e-01
   1.0987807e-01
   1.0859044e-01
   1.0731790e-01
   1.0606030e-01
   1.0481749e-01
   1.0358930e-01
   1.0237558e-01
   1.0117618e-01
   9.9990954e-02
   9.8819740e-02
   9.7662392e-02
   9.6518762e-02
   9.5388704e-02
   9.4272070e-02
   9.3168716e-02
   9.2078499e-02
   9.1001275e-02
   8.9936904e-02
   8.8885245e-02
   8.7846160e-02
   8.6819510e-02
   8.5805159e-02
   8.4802971e-02
   8.3812812e-02
   8.2834550e-02
   8.1868051e-02
   8.0913186e-02
   7.9969824e-02
   7.9037838e-02
   7.8117099e-02
   7.7207482e-02
   7.6308861e-02
   7.5421113e-02
   7.4544114e-02
   7.3677744e-02
   7.2821882e-02
   7.1976407e-02
   7.1141203e-02
   7.0316151e-02
   6.9501137e-02
   6.8696044e-02
   6.7900758e-02
   6.7115168e-02
   6.6339162e-02
   6.5572628e-02
   6.4815457e-02
   6.4067541e-02
   6.3328773e-02
   6.2599046e-02
   6.1878255e-02
   6.1166295e-02
   6.0463063e-02
   5.9768458e-02
   5.9082378e-02
   5.8404723e-02
   5.7735394e-02
   5.7074292e-02
   5.6421322e-02
   5.5776386e-02
   5.5139389e-02
   5.4510238e-02
   5.3888839e-02
   5.3275100e-02
   5.2668931e-02
   5.2070240e-02
   5.1478938e-02
   5.0894938e-02
   5.0318151e-02
   4.9748492e-02
   4.9185874e-02
   4.8630213e-02
   4.8081426e-02
   4.7539429e-02
   4.7004140e-02
   4.6475479e-02
   4.5953366e-02
   4.5437720e-02
   4.4928465e-02
   4.4425521e-02
   4.3928813e-02
   4.3438264e-02
   4.2953800e-02
   4.2475347e-02
   4.2002831e-02
   4.1536179e-02
   4.1075320e-02
   4.0620183e-02
   4.0170698e-02
   3.9726796e-02
   3.9288407e-02
   3.8855465e-02
   3.8427902e-02
   3.8005652e-02
   3.7588650e-02
   3.7176831e-02
   3.6770130e-02
   3.6368485e-02
   3.5971834e-02
   3.5580114e-02
   3.5193264e-02
   3.4811225e-02
   3.4433935e-02
   3.4061338e-02
   3.3693373e-02
   3.3329984e-02
   3.2971114e-02
   3.2616706e-02
   3.2266705e-02
   3.1921056e-02
   3.1579705e-02
   3.1242598e-02
   3.0909682e-02
   3.0580905e-02
   3.0256215e-02
   2.9935562e-02
   2.9618893e-02
   2.9306161e-02
   2.8997314e-02
   2.8692306e-02
   2.8391086e-02
   2.8093609e-02
   2.7799827e-02
   2.7509694e-02
   2.7223164e-02
   2.6940191e-02
   2.6660732e-02
   2.6384741e-02
   2.6112175e-02
   2.5842992e-02
   2.5577148e-02
   2.5314601e-02
   2.5055311e-02
   2.4799236e-02
   2.4546335e-02
   2.4296568e-02
   2.4049897e-02
   2.3806282e-02
   2.3565684e-02
   2.3328066e-02
   2.3093390e-02
   2.2861618e-02
   2.2632715e-02
   2.2406644e-02
   2.2183368e-02
   2.1962854e-02
   2.1745066e-02
   2.1529970e-02
   2.1317531e-02
   2.1107717e-02
   2.0900494e-02
   2.0695829e-02
   2.0493690e-02
   2.0294045e-02
   2.0096864e-02
   1.9902113e-02
   1.9709764e-02
   1.9519786e-02
   1.9332148e-02
   1.9146822e-02
   1.8963778e-02
   1.8782987e-02
   1.8604421e-02
   1.8428052e-02
   1.8253852e-02
   1.8081794e-02
   1.7911851e-02
   1.7743996e-02
   1.7578204e-02
   1.7414447e-02
   1.7252700e-02
   1.7092939e-02
   1.6935138e-02
   1.6779272e-02
   1.6625318e-02
   1.6473251e-02
   1.6323047e-02
   1.6174683e-02
   1.6028136e-02
   1.5883384e-02
   1.5740403e-02
   1.5599171e-02
   1.5459668e-02
   1.5321870e-02
   1.5185757e-02
   1.5051307e-02
   1.4918500e-02
   1.4787316e-02
   1.4657733e-02
   1.4529732e-02
   1.4403294e-02
   1.4278399e-02
   1.4155027e-02
   1.4033160e-02
   1.3912778e-02
   1.3793865e-02
   1.3676400e-02
   1.3560367e-02
   1.3445747e-02
   1.3332523e-02
   1.3220678e-02
   1.3110195e-02
   1.3001057e-02
   1.2893246e-02
   1.2786748e-02
   1.2681545e-02
   1.2577623e-02
   1.2474964e-02
   1.2373553e-02
   1.2273376e-02
   1.2174416e-02
   1.2076660e-02
   1.1980092e-02
   1.1884698e-02
   1.1790463e-02
   1.1697374e-02
   1.1605416e-02
   1.1514575e-02
   1.1424839e-02
   1.1336193e-02
   1.1248625e-02
   1.1162121e-02
   1.1076668e-02
   1.0992254e-02
   1.0908866e-02
   1.0826493e-02
   1.0745120e-02
   1.0664738e-02
   1.0585333e-02
   1.0506894e-02
   1.0429409e-02
   1.0352868e-02
   1.0277258e-02
   1.0202569e-02
   1.0128790e-02
   1.0055909e-02
   9.9839173e-03
   9.9128031e-03
   9.8425562e-03
   9.7731665e-03
   9.7046239e-03
   9.6369185e-03
   9.5700403e-03
   9.5039798e-03
   9.4387274e-03
   9.3742736e-03
   9.3106092e-03
   9.2477249e-03
   9.1856118e-03
   9.1242610e-03
   9.0636635e-03
   9.0038108e-03
   8.9446943e-03
   8.8863055e-03
   8.8286362e-03
   8.7716780e-03
   8.7154230e-03
   8.6598631e-03
   8.6049904e-03
   8.5507972e-03
   8.4972757e-03
   8.4444186e-03
   8.3922182e-03
   8.3406673e-03
   8.2897586e-03
   8.2394849e-03
   8.1898393e-03
   8.1408147e-03
   8.0924043e-03
   8.0446014e-03
   7.9973992e-03
   7.9507913e-03
   7.9047711e-03
   7.8593322e-03
   7.8144684e-03
   7.7701735e-03
   7.7264413e-03
   7.6832657e-03
   7.6406409e-03
   7.5985610e-03
   7.5570202e-03
   7.5160128e-03
   7.4755332e-03
   7.4355758e-03
   7.3961352e-03
   7.3572060e-03
   7.3187829e-03
   7.2808606e-03
   7.2434341e-03
   7.2064983e-03
   7.1700481e-03
   7.1340786e-03
   7.0985849e-03
   7.0635623e-03
   7.0290061e-03
   6.9949116e-03
   6.9612741e-03
   6.9280893e-03
   6.8953527e-03
   6.8630598e-03
   6.8312064e-03
   6.7997883e-03
   6.7688011e-03
   6.7382409e-03
   6.7081035e-03
   6.6783850e-03
   6.6490813e-03
   6.6201887e-03
   6.5917033e-03
   6.5636214e-03
   6.5359392e-03
   6.5086531e-03
   6.4817596e-03
   6.4552550e-03
   6.4291359e-03
   6.4033989e-03
   6.3780406e-03
   6.3530577e-03
   6.3284470e-03
   6.3042052e-03
   6.2803292e-03
   6.2568158e-03
   6.2336621e-03
   6.2108649e-03
   6.1884214e-03
   6.1663287e-03
   6.1445839e-03
   6.1231841e-03
   6.1021267e-03
   6.0814089e-03
   6.0610280e-03
   6.0409814e-03
   6.0212666e-03
   6.0018810e-03
   5.9828222e-03
   5.9640876e-03
   5.9456749e-03
   5.9275818e-03
   5.9098059e-03
   5.8923449e-03
   5.8751967e-03
   5.8583591e-03
   5.8418299e-03
   5.8256069e-03
   5.8096883e-03
   5.7940718e-03
   5.7787557e-03
   5.7637378e-03
   5.7490164e-03
   5.7345895e-03
   5.7204553e-03
   5.7066121e-03
   5.6930581e-03
   5.6797916e-03
   5.6668109e-03
   5.6541144e-03
   5.6417005e-03
   5.6295676e-03
   5.6177142e-03
   5.6061389e-03
   5.5948401e-03
   5.5838165e-03
   5.5730666e-03
   5.5625892e-03
   5.5523829e-03
   5.5424464e-03
   5.5327785e-03
   5.5233780e-03
   5.5142437e-03
   5.5053745e-03
   5.4967692e-03
   5.4884269e-03
   5.4803464e-03
   5.4725267e-03
   5.4649669e-03
   5.4576660e-03
   5.4506231e-03
   5.4438374e-03
   5.4373079e-03
   5.4310339e-03
   5.4250146e-03
   5.4192493e-03
   5.4137372e-03
   5.4084776e-03
   5.4034699e-03
   5.3987134e-03
   5.3942076e-03
   5.3899519e-03
   5.3859457e-03
   5.3821887e-03
   5.3786802e-03
   5.3754198e-03
   5.3724072e-03
   5.3696419e-03
   5.3671237e-03
   5.3648521e-03
   5.3628270e-03
   5.3610480e-03
   5.3595149e-03
   5.3582275e-03
   5.3571857e-03
   5.3563892e-03
   5.3558381e-03
   5.3555322e-03
   5.3554715e-03
   5.3556559e-03
   5.3560855e-03
   5.3567603e-03
   5.3576804e-03
   5.3588458e-03
   5.3602568e-03
   5.3619134e-03
   5.3638159e-03
   5.3659645e-03
   5.3683594e-03
   5.3710009e-03
   5.3738894e-03
   5.3770251e-03
   5.3804085e-03
   5.3840399e-03
   5.3879198e-03
   5.3920486e-03
   5.3964269e-03
   5.4010551e-03
   5.4059338e-03
   5.4110636e-03
   5.4164452e-03
   5.4220791e-03
   5.4279660e-03
   5.4341067e-03
   5.4405019e-03
   5.4471523e-03
   5.4540588e-03
   5.4612222e-03
   5.4686434e-03
   5.4763233e-03
   5.4842627e-03
   5.4924628e-03
   5.5009244e-03
   5.5096486e-03
   5.5186364e-03
   5.5278890e-03
   5.5374075e-03
   5.5471931e-03
   5.5572469e-03
   5.5675701e-03
   5.5781642e-03
   5.5890302e-03
   5.6001696e-03
   5.6115838e-03
   5.6232740e-03
   5.6352419e-03
   5.6474888e-03
   5.6600163e-03
   5.6728259e-03
   5.6859191e-03
   5.6992977e-03
   5.7129632e-03
   5.7269173e-03
   5.7411619e-03
   5.7556986e-03
   5.7705292e-03
   5.7856556e-03
   5.8010797e-03
   5.8168034e-03
   5.8328286e-03
   5.8491574e-03
   5.8657917e-03
   5.8827338e-03
   5.8999856e-03
   5.9175494e-03
   5.9354273e-03
   5.9536216e-03
   5.9721345e-03
   5.9909685e-03
   6.0101259e-03
   6.0296091e-03
   6.0494205e-03
   6.0695626e-03
   6.0900381e-03
   6.1108495e-03
   6.1319994e-03
   6.1534905e-03
   6.1753256e-03
   6.1975073e-03
   6.2200387e-03
   6.2429224e-03
   6.2661615e-03
   6.2897590e-03
   6.3137177e-03
   6.3380409e-03
   6.3627315e-03
   6.3877929e-03
   6.4132282e-03
   6.4390407e-03
   6.4652337e-03
   6.4918106e-03
   6.5187748e-03
   6.5461299e-03
   6.5738793e-03
   6.6020267e-03
   6.6305757e-03
   6.6595301e-03
   6.6888936e-03
   6.7186700e-03
   6.7488632e-03
   6.7794772e-03
   6.8105160e-03
   6.8419836e-03
   6.8738842e-03
   6.9062220e-03
   6.9390013e-03
   6.9722262e-03
   7.0059013e-03
   7.0400310e-03
   7.0746198e-03
   7.1096723e-03
   7.1451932e-03
   7.1811871e-03
   7.2176588e-03
   7.2546133e-03
   7.2920553e-03
   7.3299901e-03
   7.3684225e-03
   7.4073578e-03
   7.4468013e-03
   7.4867581e-03
   7.5272336e-03
   7.5682334e-03
   7.6097630e-03
   7.6518279e-03
   7.6944339e-03
   7.7375867e-03
   7.7812921e-03
   7.8255563e-03
   7.8703850e-03
   7.9157845e-03
   7.9617610e-03
   8.0083207e-03
   8.0554700e-03
   8.1032153e-03
   8.1515633e-03
   8.2005206e-03
   8.2500938e-03
   8.3002898e-03
   8.3511157e-03
   8.4025783e-03
   8.4546848e-03
   8.5074424e-03
   8.5608584e-03
   8.6149403e-03
   8.6696957e-03
   8.7251320e-03
   8.7812571e-03
   8.8380788e-03
   8.8956050e-03
   8.9538439e-03
   9.0128035e-03
   9.0724922e-03
   9.1329183e-03
   9.1940905e-03
   9.2560172e-03
   9.3187074e-03
   9.3821697e-03
   9.4464132e-03
   9.5114471e-03
   9.5772806e-03
   9.6439230e-03
   9.7113838e-03
   9.7796727e-03
   9.8487993e-03
   9.9187736e-03
   9.9896057e-03
   1.0061306e-02
   1.0133884e-02
   1.0207350e-02
   1.0281716e-02
   1.0356992e-02
   1.0433188e-02
   1.0510316e-02
   1.0588387e-02
   1.0667412e-02
   1.0747403e-02
   1.0828371e-02
   1.0910328e-02
   1.0993287e-02
   1.1077258e-02
   1.1162254e-02
   1.1248289e-02
   1.1335373e-02
   1.1423521e-02
   1.1512744e-02
   1.1603057e-02
   1.1694472e-02
   1.1787003e-02
   1.1880664e-02
   1.1975467e-02
   1.2071428e-02
   1.2168560e-02
   1.2266878e-02
   1.2366397e-02
   1.2467130e-02
   1.2569094e-02
   1.2672302e-02
   1.2776772e-02
   1.2882517e-02
   1.2989554e-02
   1.3097899e-02
   1.3207568e-02
   1.3318578e-02
   1.3430945e-02
   1.3544685e-02
   1.3659816e-02
   1.3776356e-02
   1.3894321e-02
   1.4013730e-02
   1.4134600e-02
   1.4256949e-02
   1.4380797e-02
   1.4506162e-02
   1.4633062e-02
   1.4761517e-02
   1.4891546e-02
   1.5023169e-02
   1.5156406e-02
   1.5291278e-02
   1.5427804e-02
   1.5566005e-02
   1.5705902e-02
   1.5847518e-02
   1.5990872e-02
   1.6135987e-02
   1.6282886e-02
   1.6431590e-02
   1.6582122e-02
   1.6734506e-02
   1.6888764e-02
   1.7044920e-02
   1.7202998e-02
   1.7363023e-02
   1.7525018e-02
   1.7689008e-02
   1.7855020e-02
   1.8023078e-02
   1.8193207e-02
   1.8365435e-02
   1.8539788e-02
   1.8716292e-02
   1.8894974e-02
   1.9075863e-02
   1.9258985e-02
   1.9444370e-02
   1.9632045e-02
   1.9822040e-02
   2.0014384e-02
   2.0209107e-02
   2.0406238e-02
   2.0605809e-02
   2.0807849e-02
   2.1012390e-02
   2.1219464e-02
   2.1429103e-02
   2.1641339e-02
   2.1856205e-02
   2.2073734e-02
   2.2293959e-02
   2.2516916e-02
   2.2742638e-02
   2.2971160e-02
   2.3202517e-02
   2.3436746e-02
   2.3673883e-02
   2.3913964e-02
   2.4157026e-02
   2.4403107e-02
   2.4652245e-02
   2.4904479e-02
   2.5159848e-02
   2.5418391e-02
   2.5680147e-02
   2.5945159e-02
   2.6213466e-02
   2.6485110e-02
   2.6760133e-02
   2.7038577e-02
   2.7320486e-02
   2.7605903e-02
   2.7894872e-02
   2.8187438e-02
   2.8483646e-02
   2.8783541e-02
   2.9087170e-02
   2.9394579e-02
   2.9705816e-02
   3.0020929e-02
   3.0339966e-02
   3.0662977e-02
   3.0990011e-02
   3.1321117e-02
   3.1656348e-02
   3.1995754e-02
   3.2339388e-02
   3.2687303e-02
   3.3039550e-02
   3.3396186e-02
   3.3757263e-02
   3.4122837e-02
   3.4492965e-02
   3.4867701e-02
   3.5247105e-02
   3.5631233e-02
   3.6020144e-02
   3.6413897e-02
   3.6812552e-02
   3.7216170e-02
   3.7624811e-02
   3.8038537e-02
   3.8457412e-02
   3.8881499e-02
   3.9310861e-02
   3.9745563e-02
   4.0185671e-02
   4.0631252e-02
   4.1082371e-02
   4.1539097e-02
   4.2001499e-02
   4.2469646e-02
   4.2943607e-02
   4.3423453e-02
   4.3909257e-02
   4.4401090e-02
   4.4899026e-02
   4.5403139e-02
   4.5913503e-02
   4.6430194e-02
   4.6953289e-02
   4.7482865e-02
   4.8018999e-02
   4.8561771e-02
   4.9111261e-02
   4.9667549e-02
   5.0230717e-02
   5.0800847e-02
   5.1378022e-02
   5.1962326e-02
   5.2553845e-02
   5.3152664e-02
   5.3758870e-02
   5.4372551e-02
   5.4993796e-02
   5.5622693e-02
   5.6259333e-02
   5.6903808e-02
   5.7556210e-02
   5.8216632e-02
   5.8885168e-02
   5.9561913e-02
   6.0246964e-02
   6.0940417e-02
   6.1642371e-02
   6.2352924e-02
   6.3072176e-02
   6.3800228e-02
   6.4537183e-02
   6.5283142e-02
   6.6038210e-02
   6.6802492e-02
   6.7576094e-02
   6.8359122e-02
   6.9151685e-02
   6.9953891e-02
   7.0765850e-02
   7.1587674e-02
   7.2419475e-02
   7.3261364e-02
   7.4113457e-02
   7.4975869e-02
   7.5848716e-02
   7.6732115e-02
   7.7626185e-02
   7.8531044e-02
   7.9446814e-02
   8.0373615e-02
   8.1311571e-02
   8.2260805e-02
   8.3221442e-02
   8.4193607e-02
   8.5177427e-02
   8.6173031e-02
   8.7180547e-02
   8.8200106e-02
   8.9231838e-02
   9.0275876e-02
   9.1332354e-02
   9.2401405e-02
   9.3483166e-02
   9.4577773e-02
   9.5685364e-02
   9.6806077e-02
   9.7940053e-02
   9.9087432e-02
   1.0024836e-01
   1.0142297e-01
   1.0261142e-01
   1.0381385e-01
   1.0503040e-01
   1.0626122e-01
   1.0750646e-01
   1.0876628e-01
   1.1004082e-01
   1.1133023e-01
   1.1263467e-01
   1.1395429e-01
   1.1528924e-01
   1.1663969e-01
   1.1800578e-01
   1.1938768e-01
   1.2078555e-01
   1.2219955e-01
   1.2362983e-01
   1.2507657e-01
   1.2653992e-01
   1.2802004e-01
   1.2951711e-01
   1.3103130e-01
   1.3256275e-01
   1.3411166e-01
   1.3567818e-01
   1.3726249e-01
   1.3886475e-01
   1.4048515e-01
   1.4212385e-01
   1.4378102e-01
   1.4545685e-01
   1.4715150e-01
   1.4886516e-01
   1.5059801e-01
   1.5235021e-01
   1.5412196e-01
   1.5591342e-01
   1.5772479e-01
   1.5955625e-01
   1.6140797e-01
   1.6328014e-01
   1.6517294e-01
   1.6708657e-01
   1.6902120e-01
   1.7097703e-01
   1.7295423e-01
   1.7495301e-01
   1.7697353e-01
   1.7901601e-01
   1.8108062e-01
   1.8316755e-01
   1.8527701e-01
   1.8740917e-01
   1.8956423e-01
   1.9174238e-01
   1.9394382e-01
   1.9616874e-01
   1.9841734e-01
   2.0068980e-01
   2.0298633e-01
   2.0530711e-01
   2.0765235e-01
   2.1002224e-01
   2.1241698e-01
   2.1483676e-01
   2.1728177e-01
   2.1975223e-01
   2.2224831e-01
   2.2477023e-01
   2.2731817e-01
   2.2989234e-01
   2.3249293e-01
   2.3512014e-01
   2.3777417e-01
   2.4045521e-01
   2.4316346e-01
   2.4589912e-01
