   2.2214415e+00
   2.2213906e+00
   2.2212381e+00
   2.2209839e+00
   2.2206281e+00
   2.2201708e+00
   2.2196119e+00
   2.2189516e+00
   2.2181901e+00
   2.2173273e+00
   2.2163635e+00
   2.2152987e+00
   2.2141332e+00
   2.2128671e+00
   2.2115007e+00
   2.2100341e+00
   2.2084675e+00
   2.2068012e+00
   2.2050354e+00
   2.2031705e+00
   2.2012066e+00
   2.1991442e+00
   2.1969834e+00
   2.1947247e+00
   2.1923683e+00
   2.1899146e+00
   2.1873641e+00
   2.1847170e+00
   2.1819738e+00
   2.1791348e+00
   2.1762006e+00
   2.1731715e+00
   2.1700481e+00
   2.1668307e+00
   2.1635198e+00
   2.1601161e+00
   2.1566198e+00
   2.1530316e+00
   2.1493521e+00
   2.1455817e+00
   2.1417210e+00
   2.1377705e+00
   2.1337310e+00
   2.1296028e+00
   2.1253868e+00
   2.1210834e+00
   2.1166934e+00
   2.1122173e+00
   2.1076557e+00
   2.1030095e+00
   2.0982792e+00
   2.0934656e+00
   2.0885692e+00
   2.0835909e+00
   2.0785313e+00
   2.0733913e+00
   2.0681714e+00
   2.0628725e+00
   2.0574953e+00
   2.0520406e+00
   2.0465091e+00
   2.0409017e+00
   2.0352191e+00
   2.0294621e+00
   2.0236316e+00
   2.0177284e+00
   2.0117532e+00
   2.0057069e+00
   1.9995904e+00
   1.9934045e+00
   1.9871500e+00
   1.9808279e+00
   1.9744389e+00
   1.9679840e+00
   1.9614640e+00
   1.9548799e+00
   1.9482325e+00
   1.9415227e+00
   1.9347514e+00
   1.9279195e+00
   1.9210280e+00
   1.9140777e+00
   1.9070697e+00
   1.9000047e+00
   1.8928837e+00
   1.8857078e+00
   1.8784777e+00
   1.8711945e+00
   1.8638591e+00
   1.8564724e+00
   1.8490354e+00
   1.8415491e+00
   1.8340144e+00
   1.8264322e+00
   1.8188036e+00
   1.8111295e+00
   1.8034107e+00
   1.7956484e+00
   1.7878435e+00
   1.7799969e+00
   1.7721096e+00
   1.7641826e+00
   1.7562169e+00
   1.7482133e+00
   1.7401729e+00
   1.7320967e+00
   1.7239856e+00
   1.7158405e+00
   1.7076625e+00
   1.6994525e+00
   1.6912114e+00
   1.6829403e+00
   1.6746401e+00
   1.6663117e+00
   1.6579561e+00
   1.6495743e+00
   1.6411671e+00
   1.6327356e+00
   1.6242807e+00
   1.6158034e+00
   1.6073045e+00
   1.5987850e+00
   1.5902459e+00
   1.5816880e+00
   1.5731124e+00
   1.5645198e+00
   1.5559113e+00
   1.5472877e+00
   1.5386500e+00
   1.5299990e+00
   1.5213357e+00
   1.5126610e+00
   1.5039756e+00
   1.4952806e+00
   1.4865768e+00
   1.4778651e+00
   1.4691463e+00
   1.4604213e+00
   1.4516909e+00
   1.4429561e+00
   1.4342176e+00
   1.4254763e+00
   1.4167330e+00
   1.4079885e+00
   1.3992437e+00
   1.3904994e+00
   1.3817563e+00
   1.3730153e+00
   1.3642772e+00
   1.3555427e+00
   1.3468127e+00
   1.3380878e+00
   1.3293688e+00
   1.3206566e+00
   1.3119519e+00
   1.3032553e+00
   1.2945676e+00
   1.2858896e+00
   1.2772219e+00
   1.2685653e+00
   1.2599205e+00
   1.2512882e+00
   1.2426690e+00
   1.2340636e+00
   1.2254727e+00
   1.2168969e+00
   1.2083369e+00
   1.1997934e+00
   1.1912669e+00
   1.1827582e+00
   1.1742677e+00
   1.1657962e+00
   1.1573442e+00
   1.1489124e+00
   1.1405012e+00
   1.1321113e+00
   1.1237432e+00
   1.1153975e+00
   1.1070748e+00
   1.0987755e+00
   1.0905003e+00
   1.0822496e+00
   1.0740239e+00
   1.0658238e+00
   1.0576497e+00
   1.0495022e+00
   1.0413816e+00
   1.0332886e+00
   1.0252235e+00
   1.0171867e+00
   1.0091788e+00
   1.0012002e+00
   9.9325128e-01
   9.8533245e-01
   9.7744414e-01
   9.6958674e-01
   9.6176065e-01
   9.5396624e-01
   9.4620389e-01
   9.3847397e-01
   9.3077682e-01
   9.2311280e-01
   9.1548225e-01
   9.0788550e-01
   9.0032286e-01
   8.9279465e-01
   8.8530119e-01
   8.7784275e-01
   8.7041964e-01
   8.6303213e-01
   8.5568050e-01
   8.4836500e-01
   8.4108591e-01
   8.3384345e-01
   8.2663788e-01
   8.1946942e-01
   8.1233831e-01
   8.0524475e-01
   7.9818895e-01
   7.9117112e-01
   7.8419145e-01
   7.7725012e-01
   7.7034732e-01
   7.6348321e-01
   7.5665795e-01
   7.4987171e-01
   7.4312463e-01
   7.3641686e-01
   7.2974852e-01
   7.2311974e-01
   7.1653065e-01
   7.0998136e-01
   7.0347197e-01
   6.9700259e-01
   6.9057331e-01
   6.8418421e-01
   6.7783537e-01
   6.7152687e-01
   6.6525877e-01
   6.5903114e-01
   6.5284403e-01
   6.4669749e-01
   6.4059155e-01
   6.3452626e-01
   6.2850164e-01
   6.2251772e-01
   6.1657452e-01
   6.1067205e-01
   6.0481032e-01
   5.9898932e-01
   5.9320906e-01
   5.8746952e-01
   5.8177069e-01
   5.7611255e-01
   5.7049507e-01
   5.6491822e-01
   5.5938198e-01
   5.5388628e-01
   5.4843111e-01
   5.4301639e-01
   5.3764208e-01
   5.3230811e-01
   5.2701443e-01
   5.2176097e-01
   5.1654764e-01
   5.1137438e-01
   5.0624111e-01
   5.0114773e-01
   4.9609416e-01
   4.9108030e-01
   4.8610606e-01
   4.8117134e-01
   4.7627603e-01
   4.7142002e-01
   4.6660319e-01
   4.6182544e-01
   4.5708665e-01
   4.5238668e-01
   4.4772542e-01
   4.4310273e-01
   4.3851849e-01
   4.3397255e-01
   4.2946478e-01
   4.2499504e-01
   4.2056317e-01
   4.1616905e-01
   4.1181250e-01
   4.0749339e-01
   4.0321155e-01
   3.9896683e-01
   3.9475907e-01
   3.9058811e-01
   3.8645377e-01
   3.8235590e-01
   3.7829432e-01
   3.7426886e-01
   3.7027935e-01
   3.6632561e-01
   3.6240747e-01
   3.5852474e-01
   3.5467725e-01
   3.5086481e-01
   3.4708723e-01
   3.4334433e-01
   3.3963593e-01
   3.3596183e-01
   3.3232184e-01
   3.2871577e-01
   3.2514342e-01
   3.2160461e-01
   3.1809913e-01
   3.1462679e-01
   3.1118739e-01
   3.0778073e-01
   3.0440661e-01
   3.0106483e-01
   2.9775519e-01
   2.9447748e-01
   2.9123150e-01
   2.8801704e-01
   2.8483391e-01
   2.8168189e-01
   2.7856078e-01
   2.7547036e-01
   2.7241044e-01
   2.6938081e-01
   2.6638125e-01
   2.6341156e-01
   2.6047152e-01
   2.5756094e-01
   2.5467959e-01
   2.5182728e-01
   2.4900378e-01
   2.4620889e-01
   2.4344240e-01
   2.4070409e-01
   2.3799377e-01
   2.3531121e-01
   2.3265621e-01
   2.3002855e-01
   2.2742803e-01
   2.2485444e-01
   2.2230756e-01
   2.1978719e-01
   2.1729312e-01
   2.1482513e-01
   2.1238303e-01
   2.0996659e-01
   2.0757562e-01
   2.0520991e-01
   2.0286924e-01
   2.0055342e-01
   1.9826223e-01
   1.9599547e-01
   1.9375294e-01
   1.9153442e-01
   1.8933973e-01
   1.8716864e-01
   1.8502097e-01
   1.8289650e-01
   1.8079504e-01
   1.7871638e-01
   1.7666033e-01
   1.7462669e-01
   1.7261525e-01
   1.7062583e-01
   1.6865822e-01
   1.6671222e-01
   1.6478764e-01
   1.6288430e-01
   1.6100198e-01
   1.5914051e-01
   1.5729968e-01
   1.5547932e-01
   1.5367922e-01
   1.5189920e-01
   1.5013907e-01
   1.4839864e-01
   1.4667773e-01
   1.4497615e-01
   1.4329373e-01
   1.4163026e-01
   1.3998558e-01
   1.3835950e-01
   1.3675184e-01
   1.3516243e-01
   1.3359107e-01
   1.3203761e-01
   1.3050186e-01
   1.2898364e-01
   1.2748279e-01
   1.2599913e-01
   1.2453249e-01
   1.2308270e-01
   1.2164958e-01
   1.2023298e-01
   1.1883273e-01
   1.1744865e-01
   1.1608059e-01
   1.1472838e-01
   1.1339185e-01
   1.1207086e-01
   1.1076523e-01
   1.0947481e-01
   1.0819944e-01
   1.0693896e-01
   1.0569322e-01
   1.0446207e-01
   1.0324535e-01
   1.0204290e-01
   1.0085459e-01
   9.9680251e-02
   9.8519744e-02
   9.7372920e-02
   9.6239632e-02
   9.5119737e-02
   9.4013089e-02
   9.2919547e-02
   9.1838969e-02
   9.0771215e-02
   8.9716145e-02
   8.8673622e-02
   8.7643509e-02
   8.6625670e-02
   8.5619971e-02
   8.4626279e-02
   8.3644460e-02
   8.2674386e-02
   8.1715924e-02
   8.0768947e-02
   7.9833328e-02
   7.8908939e-02
   7.7995655e-02
   7.7093352e-02
   7.6201908e-02
   7.5321200e-02
   7.4451106e-02
   7.3591509e-02
   7.2742288e-02
   7.1903327e-02
   7.1074509e-02
   7.0255719e-02
   6.9446842e-02
   6.8647765e-02
   6.7858377e-02
   6.7078566e-02
   6.6308222e-02
   6.5547237e-02
   6.4795503e-02
   6.4052912e-02
   6.3319360e-02
   6.2594741e-02
   6.1878952e-02
   6.1171891e-02
   6.0473455e-02
   5.9783544e-02
   5.9102059e-02
   5.8428902e-02
   5.7763973e-02
   5.7107178e-02
   5.6458420e-02
   5.5817605e-02
   5.5184639e-02
   5.4559430e-02
   5.3941886e-02
   5.3331915e-02
   5.2729429e-02
   5.2134339e-02
   5.1546556e-02
   5.0965994e-02
   5.0392566e-02
   4.9826188e-02
   4.9266775e-02
   4.8714244e-02
   4.8168512e-02
   4.7629497e-02
   4.7097120e-02
   4.6571300e-02
   4.6051959e-02
   4.5539018e-02
   4.5032399e-02
   4.4532028e-02
   4.4037827e-02
   4.3549723e-02
   4.3067642e-02
   4.2591510e-02
   4.2121255e-02
   4.1656806e-02
   4.1198091e-02
   4.0745043e-02
   4.0297590e-02
   3.9855665e-02
   3.9419200e-02
   3.8988129e-02
   3.8562385e-02
   3.8141904e-02
   3.7726620e-02
   3.7316471e-02
   3.6911392e-02
   3.6511322e-02
   3.6116198e-02
   3.5725961e-02
   3.5340550e-02
   3.4959906e-02
   3.4583968e-02
   3.4212681e-02
   3.3845985e-02
   3.3483825e-02
   3.3126143e-02
   3.2772886e-02
   3.2423997e-02
   3.2079423e-02
   3.1739111e-02
   3.1403007e-02
   3.1071058e-02
   3.0743215e-02
   3.0419425e-02
   3.0099637e-02
   2.9783803e-02
   2.9471874e-02
   2.9163799e-02
   2.8859532e-02
   2.8559025e-02
   2.8262230e-02
   2.7969103e-02
   2.7679596e-02
   2.7393665e-02
   2.7111265e-02
   2.6832351e-02
   2.6556881e-02
   2.6284812e-02
   2.6016100e-02
   2.5750704e-02
   2.5488582e-02
   2.5229693e-02
   2.4973997e-02
   2.4721453e-02
   2.4472023e-02
   2.4225667e-02
   2.3982347e-02
   2.3742024e-02
   2.3504662e-02
   2.3270222e-02
   2.3038669e-02
   2.2809966e-02
   2.2584077e-02
   2.2360967e-02
   2.2140602e-02
   2.1922946e-02
   2.1707966e-02
   2.1495628e-02
   2.1285899e-02
   2.1078747e-02
   2.0874138e-02
   2.0672041e-02
   2.0472425e-02
   2.0275259e-02
   2.0080511e-02
   1.9888151e-02
   1.9698150e-02
   1.9510478e-02
   1.9325105e-02
   1.9142003e-02
   1.8961144e-02
   1.8782498e-02
   1.8606040e-02
   1.8431740e-02
   1.8259572e-02
   1.8089510e-02
   1.7921527e-02
   1.7755596e-02
   1.7591693e-02
   1.7429792e-02
   1.7269868e-02
   1.7111896e-02
   1.6955852e-02
   1.6801712e-02
   1.6649451e-02
   1.6499047e-02
   1.6350477e-02
   1.6203717e-02
   1.6058745e-02
   1.5915538e-02
   1.5774076e-02
   1.5634335e-02
   1.5496295e-02
   1.5359934e-02
   1.5225231e-02
   1.5092167e-02
   1.4960720e-02
   1.4830871e-02
   1.4702600e-02
   1.4575887e-02
   1.4450712e-02
   1.4327058e-02
   1.4204905e-02
   1.4084234e-02
   1.3965027e-02
   1.3847267e-02
   1.3730935e-02
   1.3616014e-02
   1.3502486e-02
   1.3390334e-02
   1.3279542e-02
   1.3170093e-02
   1.3061969e-02
   1.2955156e-02
   1.2849636e-02
   1.2745395e-02
   1.2642416e-02
   1.2540684e-02
   1.2440184e-02
   1.2340901e-02
   1.2242820e-02
   1.2145926e-02
   1.2050205e-02
   1.1955643e-02
   1.1862226e-02
   1.1769940e-02
   1.1678771e-02
   1.1588705e-02
   1.1499730e-02
   1.1411833e-02
   1.1324999e-02
   1.1239217e-02
   1.1154475e-02
   1.1070758e-02
   1.0988056e-02
   1.0906356e-02
   1.0825646e-02
   1.0745914e-02
   1.0667149e-02
   1.0589339e-02
   1.0512474e-02
   1.0436540e-02
   1.0361529e-02
   1.0287428e-02
   1.0214228e-02
   1.0141917e-02
   1.0070485e-02
   9.9999216e-03
   9.9302170e-03
   9.8613609e-03
   9.7933435e-03
   9.7261550e-03
   9.6597858e-03
   9.5942264e-03
   9.5294675e-03
   9.4654997e-03
   9.4023140e-03
   9.3399013e-03
   9.2782529e-03
   9.2173600e-03
   9.1572138e-03
   9.0978061e-03
   9.0391282e-03
   8.9811720e-03
   8.9239293e-03
   8.8673920e-03
   8.8115522e-03
   8.7564020e-03
   8.7019338e-03
   8.6481399e-03
   8.5950127e-03
   8.5425450e-03
   8.4907293e-03
   8.4395585e-03
   8.3890254e-03
   8.3391230e-03
   8.2898445e-03
   8.2411830e-03
   8.1931317e-03
   8.1456841e-03
   8.0988337e-03
   8.0525739e-03
   8.0068984e-03
   7.9618010e-03
   7.9172755e-03
   7.8733157e-03
   7.8299158e-03
   7.7870697e-03
   7.7447716e-03
   7.7030158e-03
   7.6617967e-03
   7.6211085e-03
   7.5809459e-03
   7.5413033e-03
   7.5021754e-03
   7.4635570e-03
   7.4254429e-03
   7.3878278e-03
   7.3507069e-03
   7.3140750e-03
   7.2779273e-03
   7.2422589e-03
   7.2070652e-03
   7.1723413e-03
   7.1380827e-03
   7.1042848e-03
   7.0709431e-03
   7.0380533e-03
   7.0056108e-03
   6.9736116e-03
   6.9420512e-03
   6.9109256e-03
   6.8802307e-03
   6.8499623e-03
   6.8201166e-03
   6.7906897e-03
   6.7616776e-03
   6.7330766e-03
   6.7048829e-03
   6.6770928e-03
   6.6497028e-03
   6.6227092e-03
   6.5961086e-03
   6.5698974e-03
   6.5440724e-03
   6.5186300e-03
   6.4935672e-03
   6.4688805e-03
   6.4445669e-03
   6.4206231e-03
   6.3970462e-03
   6.3738330e-03
   6.3509806e-03
   6.3284860e-03
   6.3063464e-03
   6.2845590e-03
   6.2631209e-03
   6.2420294e-03
   6.2212818e-03
   6.2008754e-03
   6.1808078e-03
   6.1610762e-03
   6.1416783e-03
   6.1226115e-03
   6.1038734e-03
   6.0854617e-03
   6.0673741e-03
   6.0496081e-03
   6.0321617e-03
   6.0150325e-03
   5.9982185e-03
   5.9817174e-03
   5.9655274e-03
   5.9496462e-03
   5.9340719e-03
   5.9188026e-03
   5.9038363e-03
   5.8891712e-03
   5.8748055e-03
   5.8607373e-03
   5.8469648e-03
   5.8334864e-03
   5.8203004e-03
   5.8074051e-03
   5.7947990e-03
   5.7824804e-03
   5.7704479e-03
   5.7586998e-03
   5.7472349e-03
   5.7360516e-03
   5.7251486e-03
   5.7145245e-03
   5.7041780e-03
   5.6941079e-03
   5.6843128e-03
   5.6747916e-03
   5.6655431e-03
   5.6565661e-03
   5.6478596e-03
   5.6394224e-03
   5.6312536e-03
   5.6233521e-03
   5.6157170e-03
   5.6083473e-03
   5.6012421e-03
   5.5944005e-03
   5.5878217e-03
   5.5815050e-03
   5.5754494e-03
   5.5696543e-03
   5.5641189e-03
   5.5588427e-03
   5.5538249e-03
   5.5490649e-03
   5.5445621e-03
   5.5403160e-03
   5.5363261e-03
   5.5325919e-03
   5.5291129e-03
   5.5258887e-03
   5.5229189e-03
   5.5202032e-03
   5.5177411e-03
   5.5155325e-03
   5.5135770e-03
   5.5118743e-03
   5.5104244e-03
   5.5092270e-03
   5.5082820e-03
   5.5075892e-03
   5.5071486e-03
   5.5069601e-03
   5.5070237e-03
   5.5073394e-03
   5.5079072e-03
   5.5087273e-03
   5.5097996e-03
   5.5111244e-03
   5.5127018e-03
   5.5145320e-03
   5.5166152e-03
   5.5189516e-03
   5.5215417e-03
   5.5243856e-03
   5.5274837e-03
   5.5308364e-03
   5.5344441e-03
   5.5383073e-03
   5.5424264e-03
   5.5468019e-03
   5.5514343e-03
   5.5563244e-03
   5.5614725e-03
   5.5668794e-03
   5.5725457e-03
   5.5784721e-03
   5.5846594e-03
   5.5911083e-03
   5.5978195e-03
   5.6047940e-03
   5.6120326e-03
   5.6195361e-03
   5.6273055e-03
   5.6353417e-03
   5.6436458e-03
   5.6522187e-03
   5.6610616e-03
   5.6701754e-03
   5.6795614e-03
   5.6892206e-03
   5.6991543e-03
   5.7093637e-03
   5.7198501e-03
   5.7306148e-03
   5.7416590e-03
   5.7529843e-03
   5.7645918e-03
   5.7764832e-03
   5.7886599e-03
   5.8011234e-03
   5.8138752e-03
   5.8269170e-03
   5.8402503e-03
   5.8538768e-03
   5.8677983e-03
   5.8820164e-03
   5.8965330e-03
   5.9113498e-03
   5.9264687e-03
   5.9418917e-03
   5.9576205e-03
   5.9736573e-03
   5.9900040e-03
   6.0066627e-03
   6.0236355e-03
   6.0409245e-03
   6.0585318e-03
   6.0764598e-03
   6.0947107e-03
   6.1132868e-03
   6.1321904e-03
   6.1514240e-03
   6.1709899e-03
   6.1908908e-03
   6.2111290e-03
   6.2317072e-03
   6.2526279e-03
   6.2738940e-03
   6.2955080e-03
   6.3174728e-03
   6.3397911e-03
   6.3624659e-03
   6.3854999e-03
   6.4088963e-03
   6.4326579e-03
   6.4567879e-03
   6.4812894e-03
   6.5061654e-03
   6.5314193e-03
   6.5570543e-03
   6.5830738e-03
   6.6094810e-03
   6.6362795e-03
   6.6634726e-03
   6.6910641e-03
   6.7190573e-03
   6.7474561e-03
   6.7762640e-03
   6.8054850e-03
   6.8351227e-03
   6.8651812e-03
   6.8956642e-03
   6.9265760e-03
   6.9579204e-03
   6.9897017e-03
   7.0219240e-03
   7.0545917e-03
   7.0877090e-03
   7.1212803e-03
   7.1553100e-03
   7.1898028e-03
   7.2247632e-03
   7.2601958e-03
   7.2961054e-03
   7.3324968e-03
   7.3693748e-03
   7.4067445e-03
   7.4446107e-03
   7.4829786e-03
   7.5218534e-03
   7.5612403e-03
   7.6011446e-03
   7.6415717e-03
   7.6825271e-03
   7.7240163e-03
   7.7660450e-03
   7.8086189e-03
   7.8517437e-03
   7.8954253e-03
   7.9396698e-03
   7.9844831e-03
   8.0298714e-03
   8.0758409e-03
   8.1223979e-03
   8.1695488e-03
   8.2173002e-03
   8.2656585e-03
   8.3146305e-03
   8.3642229e-03
   8.4144427e-03
   8.4652967e-03
   8.5167920e-03
   8.5689358e-03
   8.6217353e-03
   8.6751979e-03
   8.7293311e-03
   8.7841425e-03
   8.8396396e-03
   8.8958303e-03
   8.9527226e-03
   9.0103243e-03
   9.0686436e-03
   9.1276887e-03
   9.1874679e-03
   9.2479898e-03
   9.3092628e-03
   9.3712957e-03
   9.4340973e-03
   9.4976765e-03
   9.5620423e-03
   9.6272040e-03
   9.6931708e-03
   9.7599522e-03
   9.8275577e-03
   9.8959970e-03
   9.9652800e-03
   1.0035417e-02
   1.0106417e-02
   1.0178291e-02
   1.0251050e-02
   1.0324703e-02
   1.0399262e-02
   1.0474737e-02
   1.0551139e-02
   1.0628480e-02
   1.0706770e-02
   1.0786021e-02
   1.0866245e-02
   1.0947453e-02
   1.1029658e-02
   1.1112870e-02
   1.1197103e-02
   1.1282368e-02
   1.1368679e-02
   1.1456048e-02
   1.1544488e-02
   1.1634011e-02
   1.1724632e-02
   1.1816363e-02
   1.1909218e-02
   1.2003211e-02
   1.2098356e-02
   1.2194667e-02
   1.2292158e-02
   1.2390844e-02
   1.2490739e-02
   1.2591859e-02
   1.2694218e-02
   1.2797832e-02
   1.2902716e-02
   1.3008887e-02
   1.3116359e-02
   1.3225149e-02
   1.3335274e-02
   1.3446750e-02
   1.3559594e-02
   1.3673823e-02
   1.3789454e-02
   1.3906504e-02
   1.4024992e-02
   1.4144935e-02
   1.4266352e-02
   1.4389260e-02
   1.4513679e-02
   1.4639627e-02
   1.4767124e-02
   1.4896189e-02
   1.5026842e-02
   1.5159103e-02
   1.5292991e-02
   1.5428527e-02
   1.5565733e-02
   1.5704629e-02
   1.5845235e-02
   1.5987575e-02
   1.6131670e-02
   1.6277541e-02
   1.6425212e-02
   1.6574705e-02
   1.6726042e-02
   1.6879248e-02
   1.7034346e-02
   1.7191360e-02
   1.7350314e-02
   1.7511233e-02
   1.7674141e-02
   1.7839063e-02
   1.8006026e-02
   1.8175055e-02
   1.8346177e-02
   1.8519417e-02
   1.8694803e-02
   1.8872361e-02
   1.9052120e-02
   1.9234108e-02
   1.9418352e-02
   1.9604881e-02
   1.9793725e-02
   1.9984913e-02
   2.0178474e-02
   2.0374438e-02
   2.0572837e-02
   2.0773700e-02
   2.0977061e-02
   2.1182949e-02
   2.1391397e-02
   2.1602438e-02
   2.1816105e-02
   2.2032431e-02
   2.2251450e-02
   2.2473196e-02
   2.2697704e-02
   2.2925008e-02
   2.3155145e-02
   2.3388150e-02
   2.3624060e-02
   2.3862911e-02
   2.4104742e-02
   2.4349589e-02
   2.4597491e-02
   2.4848487e-02
   2.5102617e-02
   2.5359919e-02
   2.5620434e-02
   2.5884203e-02
   2.6151267e-02
   2.6421668e-02
   2.6695448e-02
   2.6972650e-02
   2.7253317e-02
   2.7537493e-02
   2.7825223e-02
   2.8116551e-02
   2.8411523e-02
   2.8710185e-02
   2.9012584e-02
   2.9318766e-02
   2.9628780e-02
   2.9942674e-02
   3.0260497e-02
   3.0582297e-02
   3.0908127e-02
   3.1238035e-02
   3.1572074e-02
   3.1910295e-02
   3.2252751e-02
   3.2599495e-02
   3.2950582e-02
   3.3306065e-02
   3.3665999e-02
   3.4030441e-02
   3.4399447e-02
   3.4773073e-02
   3.5151378e-02
   3.5534421e-02
   3.5922260e-02
   3.6314955e-02
   3.6712567e-02
   3.7115156e-02
   3.7522786e-02
   3.7935518e-02
   3.8353417e-02
   3.8776545e-02
   3.9204969e-02
   3.9638754e-02
   4.0077965e-02
   4.0522671e-02
   4.0972939e-02
   4.1428838e-02
   4.1890437e-02
   4.2357807e-02
   4.2831019e-02
   4.3310144e-02
   4.3795256e-02
   4.4286427e-02
   4.4783732e-02
   4.5287246e-02
   4.5797045e-02
   4.6313206e-02
   4.6835807e-02
   4.7364926e-02
   4.7900642e-02
   4.8443036e-02
   4.8992189e-02
   4.9548182e-02
   5.0111100e-02
   5.0681025e-02
   5.1258042e-02
   5.1842237e-02
   5.2433696e-02
   5.3032508e-02
   5.3638759e-02
   5.4252540e-02
   5.4873941e-02
   5.5503053e-02
   5.6139968e-02
   5.6784779e-02
   5.7437581e-02
   5.8098468e-02
   5.8767537e-02
   5.9444885e-02
   6.0130609e-02
   6.0824809e-02
   6.1527585e-02
   6.2239038e-02
   6.2959270e-02
   6.3688384e-02
   6.4426484e-02
   6.5173675e-02
   6.5930064e-02
   6.6695759e-02
   6.7470866e-02
   6.8255496e-02
   6.9049759e-02
   6.9853767e-02
   7.0667633e-02
   7.1491469e-02
   7.2325391e-02
   7.3169515e-02
   7.4023957e-02
   7.4888836e-02
   7.5764271e-02
   7.6650382e-02
   7.7547291e-02
   7.8455119e-02
   7.9373991e-02
   8.0304032e-02
   8.1245367e-02
   8.2198123e-02
   8.3162429e-02
   8.4138414e-02
   8.5126208e-02
   8.6125943e-02
   8.7137751e-02
   8.8161767e-02
   8.9198126e-02
   9.0246963e-02
   9.1308417e-02
   9.2382625e-02
   9.3469727e-02
   9.4569865e-02
   9.5683180e-02
   9.6809816e-02
   9.7949916e-02
   9.9103627e-02
   1.0027109e-01
   1.0145247e-01
   1.0264789e-01
   1.0385753e-01
   1.0508151e-01
   1.0632001e-01
   1.0757316e-01
   1.0884114e-01
   1.1012408e-01
   1.1142216e-01
   1.1273552e-01
   1.1406433e-01
   1.1540875e-01
   1.1676894e-01
   1.1814507e-01
   1.1953729e-01
   1.2094577e-01
   1.2237068e-01
   1.2381219e-01
   1.2527047e-01
   1.2674567e-01
   1.2823799e-01
   1.2974758e-01
   1.3127463e-01
   1.3281929e-01
   1.3438176e-01
   1.3596221e-01
   1.3756081e-01
   1.3917774e-01
   1.4081319e-01
   1.4246732e-01
   1.4414034e-01
   1.4583240e-01
   1.4754371e-01
   1.4927445e-01
   1.5102480e-01
   1.5279494e-01
   1.5458507e-01
   1.5639537e-01
   1.5822604e-01
   1.6007726e-01
   1.6194923e-01
   1.6384214e-01
   1.6575617e-01
   1.6769153e-01
   1.6964841e-01
   1.7162701e-01
   1.7362752e-01
   1.7565014e-01
   1.7769507e-01
   1.7976250e-01
   1.8185264e-01
   1.8396568e-01
   1.8610184e-01
   1.8826130e-01
   1.9044428e-01
   1.9265097e-01
   1.9488158e-01
   1.9713631e-01
   1.9941538e-01
   2.0171897e-01
   2.0404731e-01
   2.0640059e-01
   2.0877902e-01
   2.1118282e-01
   2.1361218e-01
   2.1606732e-01
   2.1854845e-01
   2.2105576e-01
   2.2358949e-01
   2.2614982e-01
   2.2873698e-01
   2.3135117e-01
   2.3399260e-01
   2.3666148e-01
   2.3935803e-01
   2.4208245e-01
   2.4483495e-01
   2.4761575e-01
   2.5042505e-01
   2.5326306e-01
   2.5613001e-01
   2.5902608e-01
